Game has been started. Lets Play!
Available moves directions: 0-UP 1-RIGHT 2-BOTTOM 3-LEFT 4-SOLUTION 5-EXIT
01 10 07 08 
06 09 04 02 
05    12 11 
13 14 15 03 
Direction: 4
1000
2000
3000
[...]
46000
47000
48000
Solving. . .
_-_-_-_-_-_-_
01 02 03 04 
05 06 07 08 
09 10 11 12 
13 14 15    
_-_-_-_-_-_-_
01 02 03 04 
05 06 07 08 
09 10 11 12 
13 14    15 
_-_-_-_-_-_-_
01 02 03 04 
05 06 07 08 
09 10    12 
13 14 11 15 
_-_-_-_-_-_-_
01 02 03 04 
05 06 07 08 
09    10 12 
13 14 11 15 
_-_-_-_-_-_-_
01 02 03 04 
05 06 07 08 
   09 10 12 
13 14 11 15 
_-_-_-_-_-_-_
01 02 03 04 
   06 07 08 
05 09 10 12 
13 14 11 15 
_-_-_-_-_-_-_
01 02 03 04 
06    07 08 
05 09 10 12 
13 14 11 15 
_-_-_-_-_-_-_
01 02 03 04 
06 07    08 
05 09 10 12 
13 14 11 15 
_-_-_-_-_-_-_
01 02    04 
06 07 03 08 
05 09 10 12 
13 14 11 15 
_-_-_-_-_-_-_
01 02 04    
06 07 03 08 
05 09 10 12 
13 14 11 15 
_-_-_-_-_-_-_
01 02 04 08 
06 07 03    
05 09 10 12 
13 14 11 15 
_-_-_-_-_-_-_
01 02 04 08 
06 07    03 
05 09 10 12 
13 14 11 15 
_-_-_-_-_-_-_
01 02 04 08 
06 07 10 03 
05 09    12 
13 14 11 15 
_-_-_-_-_-_-_
01 02 04 08 
06 07 10 03 
05 09 12    
13 14 11 15 
_-_-_-_-_-_-_
01 02 04 08 
06 07 10    
05 09 12 03 
13 14 11 15 
_-_-_-_-_-_-_
01 02 04    
06 07 10 08 
05 09 12 03 
13 14 11 15 
_-_-_-_-_-_-_
01 02    04 
06 07 10 08 
05 09 12 03 
13 14 11 15 
_-_-_-_-_-_-_
01    02 04 
06 07 10 08 
05 09 12 03 
13 14 11 15 
_-_-_-_-_-_-_
01 07 02 04 
06    10 08 
05 09 12 03 
13 14 11 15 
_-_-_-_-_-_-_
01 07 02 04 
06 10    08 
05 09 12 03 
13 14 11 15 
_-_-_-_-_-_-_
01 07 02 04 
06 10 12 08 
05 09    03 
13 14 11 15 
_-_-_-_-_-_-_
01 07 02 04 
06 10 12 08 
05 09 11 03 
13 14    15 
_-_-_-_-_-_-_
01 07 02 04 
06 10 12 08 
05 09 11 03 
13 14 15    
_-_-_-_-_-_-_
01 07 02 04 
06 10 12 08 
05 09 11    
13 14 15 03 
_-_-_-_-_-_-_
01 07 02 04 
06 10 12 08 
05 09    11 
13 14 15 03 
_-_-_-_-_-_-_
01 07 02 04 
06 10    08 
05 09 12 11 
13 14 15 03 
_-_-_-_-_-_-_
01 07    04 
06 10 02 08 
05 09 12 11 
13 14 15 03 
_-_-_-_-_-_-_
01 07 04    
06 10 02 08 
05 09 12 11 
13 14 15 03 
_-_-_-_-_-_-_
01 07 04 08 
06 10 02    
05 09 12 11 
13 14 15 03 
_-_-_-_-_-_-_
01 07 04 08 
06 10    02 
05 09 12 11 
13 14 15 03 
_-_-_-_-_-_-_
01 07    08 
06 10 04 02 
05 09 12 11 
13 14 15 03 
_-_-_-_-_-_-_
01    07 08 
06 10 04 02 
05 09 12 11 
13 14 15 03 
_-_-_-_-_-_-_
01 10 07 08 
06    04 02 
05 09 12 11 
13 14 15 03 
_-_-_-_-_-_-_
01 10 07 08 
06 09 04 02 
05    12 11 
13 14 15 03 
33 moves
Discovered Nodes: 48129
